episodes: [0, 5, 10, 15, 20, 25, 30, 35, 40, 45, 50, 55, 60, 65, 70, 75, 80, 85, 90, 95, 100, 105, 110, 115, 120, 125, 130, 135, 140, 145, 150, 155, 160, 165, 170, 175, 180, 185, 190, 195, 200, 205, 210, 215, 220, 225, 230, 235, 240, 245, 250, 255, 260, 265, 270, 275, 280, 285, 290, 295, 300, 305, 310, 315, 320, 325, 330, 335, 340, 345, 350, 355, 360, 365, 370, 375, 380, 385, 390, 395, 400, 405, 410, 415, 420, 425, 430, 435, 440, 445, 450, 455, 460, 465, 470, 475, 480, 485, 490, 495, 500, 505, 510, 515, 520, 525, 530, 535, 540, 545, 550, 555, 560, 565, 570, 575, 580, 585, 590, 595, 600, 605, 610, 615, 620, 625, 630, 635, 640, 645, 650, 655, 660, 665, 670, 675, 680, 685, 690, 695, 700, 705, 710, 715, 720, 725, 730, 735, 740, 745, 750, 755, 760, 765, 770, 775, 780, 785, 790, 795, 800, 805, 810, 815, 820, 825, 830, 835, 840, 845, 850, 855, 860, 865, 870, 875, 880, 885, 890, 895, 900, 905, 910, 915, 920, 925, 930, 935, 940, 945, 950, 955, 960, 965, 970, 975, 980, 985, 990, 995]
mean_accuracies: [1.75171171 1.94486486 2.11533534 2.31225225 2.43251251 2.63397397
 2.68394394 2.78952953 2.87757758 2.92664665 3.00990991 2.99073073
 3.01383383 3.16214214 3.1784985  3.24428428 3.25955956 3.33987988
 3.36218218 3.49085085 3.48218218 3.51607608 3.49705706 3.54946947
 3.5773974  3.62018018 3.68416416 3.6953954  3.70008008 3.67311311
 3.67269269 3.74006006 3.74028028 3.78412412 3.78828829 3.7780981
 3.83483483 3.83029029 3.8555956  3.80466466 3.84676677 3.81455455
 3.86088088 3.82202202 3.85665666 3.93495495 3.91451451 3.94668669
 3.91065065 3.90012012 3.90536537 3.91489489 3.93811812 3.88792793
 3.91437437 3.91465465 3.94566567 3.98406406 3.94814815 3.94408408
 3.94016016 3.98208208 3.96336336 3.92958959 3.97135135 3.98700701
 3.9829029  3.99299299 3.99835836 3.99987988 3.99375375 3.99635636
 4.02474474 3.9772973  3.98520521 3.99311311 4.00986987 4.04596597
 3.97755756 4.02538539 4.10508509 4.01049049 4.02778779 4.03551552
 4.07151151 4.03271271 4.07535536 4.06032032 4.07723724 4.0568969
 4.05117117 4.07313313 4.0618018  4.03219219 4.05785786 4.03893894
 4.05535536 4.02874875 4.03947948 4.04852853 4.07675676 4.03275275
 4.10634635 4.08588589 4.04098098 4.06072072 4.05267267 4.09051051
 4.05507508 4.09399399 4.08216216 4.05299299 4.02630631 4.05299299
 4.04276276 4.0785986  4.05745746 4.07687688 4.03921922 4.02788789
 4.08882883 4.06950951 4.03503504 4.07593594 4.05165165 4.12952953
 4.06488488 4.09177177 4.10766767 4.15583584 4.08298298 4.08746747
 4.04752753 4.08042042 4.07757758 4.10132132 4.04582583 4.05255255
 4.05097097 4.00114114 4.07301301 4.05935936 4.09201201 4.05661662
 4.04738739 4.07363363 4.07673674 4.06682683 4.09315315 4.09833834
 4.0992993  4.12846847 4.08016016 4.14594595 4.08222222 4.07375375
 4.12414414 4.10298298 4.09397397 4.07313313 4.1150951  4.141001
 4.12654655 4.07923924 4.11751752 4.14028028 4.13957958 4.09475475
 4.09603604 4.0645045  4.06226226 4.11737738 4.11685686 4.16760761
 4.11219219 4.11391391 4.05357357 4.06980981 4.09383383 4.09299299
 4.07561562 4.11987988 4.1239039  4.13493493 4.18152152 4.14728729
 4.13487487 4.1378979  4.12838839 4.16304304 4.1197998  4.1776977
 4.15467467 4.14076076 4.14708709 4.17469469 4.16184184 4.13833834
 4.10198198 4.15827828]
n_runs: 100
n_episodes: 1000
epsilon: 0.05
gamma: 0.8
best R: 4.513838513838514
eval_iter: 1000
