episodes: [5, 10, 15, 20, 25, 30, 35, 40, 45, 50, 55, 60, 65, 70, 75, 80, 85, 90, 95, 100, 105, 110, 115, 120, 125, 130, 135, 140, 145, 150, 155, 160, 165, 170, 175, 180, 185, 190, 195, 200, 205, 210, 215, 220, 225, 230, 235, 240, 245, 250, 255, 260, 265, 270, 275, 280, 285, 290, 295, 300, 305, 310, 315, 320, 325, 330, 335, 340, 345, 350, 355, 360, 365, 370, 375, 380, 385, 390, 395, 400, 405, 410, 415, 420, 425, 430, 435, 440, 445, 450, 455, 460, 465, 470, 475, 480, 485, 490, 495, 500, 505, 510, 515, 520, 525, 530, 535, 540, 545, 550, 555, 560, 565, 570, 575, 580, 585, 590, 595, 600, 605, 610, 615, 620, 625, 630, 635, 640, 645, 650, 655, 660, 665, 670, 675, 680, 685, 690, 695, 700, 705, 710, 715, 720, 725, 730, 735, 740, 745, 750, 755, 760, 765, 770, 775, 780, 785, 790, 795, 800, 805, 810, 815, 820, 825, 830, 835, 840, 845, 850, 855, 860, 865, 870, 875, 880, 885, 890, 895, 900, 905, 910, 915, 920, 925, 930, 935, 940, 945, 950, 955, 960, 965, 970, 975, 980, 985, 990, 995, 1000]
mean_accuracies: [3.12429843 2.95352935 2.82682268 2.72549455 2.68053005 2.63309531
 2.61381138 2.5930073  2.57837984 2.57680168 2.55889989 2.53723972
 2.52333233 2.51891189 2.48290229 2.45360536 2.44548255 2.44172417
 2.43217122 2.42621662 2.41311731 2.40418442 2.40821282 2.41337734
 2.43983198 2.41385739 2.41112111 2.42119012 2.41992599 2.40681268
 2.39486949 2.36706671 2.35548155 2.36479048 2.36987899 2.36274027
 2.36835684 2.35815982 2.38133213 2.4020422  2.40226023 2.44605861
 2.42357836 2.41120712 2.40435444 2.4319732  2.43560356 2.4570337
 2.4469627  2.42607061 2.44139214 2.46054805 2.46048405 2.45876588
 2.46840484 2.4620482  2.49479548 2.49545955 2.52124612 2.51744374
 2.52662466 2.53884388 2.55785779 2.52567057 2.54674867 2.55451745
 2.57618562 2.54472247 2.5540474  2.5970237  2.5869807  2.58391839
 2.58827883 2.59376138 2.64651665 2.60185419 2.65778178 2.62725073
 2.67082108 2.66844884 2.68872887 2.70231023 2.71350335 2.73432143
 2.7149975  2.73873387 2.72022002 2.71927593 2.76032003 2.72156416
 2.6949515  2.72238824 2.75125713 2.73377938 2.7840284  2.78033603
 2.77867387 2.77069707 2.81376538 2.83306131 2.85028703 2.83952795
 2.85617762 2.88061606 2.84182218 2.85783978 2.8350215  2.83515952
 2.90063606 2.86515052 2.8569617  2.85334733 2.86140814 2.87621962
 2.88979698 2.91878188 2.89824982 2.91941594 2.93344534 2.95151915
 2.93817982 2.9629623  3.01089709 3.03670567 3.00657866 3.00086209
 3.00431243 3.03192519 3.02678268 2.99640364 3.02785879 3.06870087
 3.0720172  3.11146115 3.05916992 3.12789879 3.05193319 3.06689869
 3.12519652 3.07606561 3.17012101 3.14393239 3.17289929 3.12568257
 3.21882788 3.20076608 3.19847385 3.24655266 3.26877888 3.26319032
 3.24382438 3.33848985 3.31866387 3.30979298 3.289969   3.33056506
 3.35433943 3.35740374 3.35757776 3.33561556 3.32527653 3.33280928
 3.31514351 3.35335734 3.36471047 3.33186919 3.41050305 3.41271527
 3.3689769  3.42717872 3.42476248 3.41154515 3.40845885 3.41332933
 3.3959996  3.39382338 3.40430843 3.43246725 3.42034803 3.47767377
 3.46707671 3.41982798 3.46834883 3.44532053 3.46134613 3.44843284
 3.48706671 3.49557356 3.49131513 3.47212721 3.4769517  3.51319532
 3.51530153 3.50592659 3.49916192 3.50051005 3.49927593 3.48482448
 3.53508551 3.52457446]
n_runs: 100
n_episodes: 1000
epsilon: 0.05
gamma: 0.8
best R: 4.513838513838514
eval_iter: 10000
