episodes: [5, 10, 15, 20, 25, 30, 35, 40, 45, 50, 55, 60, 65, 70, 75, 80, 85, 90, 95, 100, 105, 110, 115, 120, 125, 130, 135, 140, 145, 150, 155, 160, 165, 170, 175, 180, 185, 190, 195, 200, 205, 210, 215, 220, 225, 230, 235, 240, 245, 250, 255, 260, 265, 270, 275, 280, 285, 290, 295, 300, 305, 310, 315, 320, 325, 330, 335, 340, 345, 350, 355, 360, 365, 370, 375, 380, 385, 390, 395, 400, 405, 410, 415, 420, 425, 430, 435, 440, 445, 450, 455, 460, 465, 470, 475, 480, 485, 490, 495, 500, 505, 510, 515, 520, 525, 530, 535, 540, 545, 550, 555, 560, 565, 570, 575, 580, 585, 590, 595, 600, 605, 610, 615, 620, 625, 630, 635, 640, 645, 650, 655, 660, 665, 670, 675, 680, 685, 690, 695, 700, 705, 710, 715, 720, 725, 730, 735, 740, 745, 750, 755, 760, 765, 770, 775, 780, 785, 790, 795, 800, 805, 810, 815, 820, 825, 830, 835, 840, 845, 850, 855, 860, 865, 870, 875, 880, 885, 890, 895, 900, 905, 910, 915, 920, 925, 930, 935, 940, 945, 950, 955, 960, 965, 970, 975, 980, 985, 990, 995, 1000]
mean_accuracies: [1.84086086 1.8014014  1.81667668 1.82822823 1.8187988  1.84692693
 1.85041041 1.86926927 1.87843844 1.88638639 2.03595596 2.04346346
 2.03337337 2.10724725 2.10226226 2.13293293 2.13691692 2.15681682
 2.15483483 2.15835836 2.1551952  2.15265265 2.18278278 2.13193193
 2.16608609 2.15145145 2.19279279 2.1644044  2.19115115 2.19861862
 2.16378378 2.18266266 2.18868869 2.19235235 2.18448448 2.1811011
 2.18362362 2.1642042  2.16032032 2.16668669 2.16444444 2.21975976
 2.20718719 2.18598599 2.18182182 2.19295295 2.19209209 2.19773774
 2.21095095 2.21067067 2.22584585 2.21425425 2.22264264 2.23055055
 2.21757758 2.19521522 2.21081081 2.21179179 2.21371371 2.19737738
 2.22524525 2.18138138 2.20650651 2.20644645 2.18524525 2.25997998
 2.20908909 2.22068068 2.24312312 2.20282282 2.23805806 2.24002002
 2.27185185 2.2448048  2.25927928 2.26740741 2.26922923 2.26950951
 2.26646647 2.24878879 2.25139139 2.28436436 2.27011011 2.25983984
 2.24764765 2.29531532 2.2804004  2.25967968 2.28738739 2.27295295
 2.28378378 2.25021021 2.27297297 2.27313313 2.3038038  2.31055055
 2.30584585 2.31047047 2.33411411 2.34166166 2.30876877 2.32198198
 2.31883884 2.35389389 2.3007007  2.30974975 2.31123123 2.31781782
 2.2958959  2.32720721 2.3412012  2.32326326 2.31355355 2.3221021
 2.31677678 2.34404404 2.30172172 2.33163163 2.36636637 2.37155155
 2.38640641 2.42144144 2.35299299 2.38462462 2.40156156 2.38972973
 2.38336336 2.40256256 2.3816016  2.43283283 2.40888889 2.42650651
 2.38576577 2.44068068 2.42194194 2.40760761 2.44742743 2.39259259
 2.40374374 2.38634635 2.43563564 2.39439439 2.41743744 2.40806807
 2.40532533 2.38756757 2.42520521 2.3950951  2.37019019 2.4231031
 2.42298298 2.41341341 2.42522523 2.40718719 2.43171171 2.41425425
 2.42584585 2.42       2.44344344 2.45401401 2.47415415 2.43613614
 2.49139139 2.46434434 2.44700701 2.47343343 2.47359359 2.45127127
 2.50576577 2.45811812 2.46978979 2.51787788 2.51309309 2.49285285
 2.47031031 2.53527528 2.49111111 2.50196196 2.52632633 2.50934935
 2.53189189 2.523003   2.52604605 2.55877878 2.51307307 2.52462462
 2.49537538 2.50392392 2.51675676 2.49687688 2.54466466 2.50144144
 2.50486486 2.50106106 2.53997998 2.48780781 2.45891892 2.50944945
 2.51685686 2.52654655]
n_runs: 100
n_episodes: 1000
epsilon: 0.05
gamma: 0.8
best R: 4.515466515466516
eval_iter: 1000
